%YAML:1.0
---
model_type: PINHOLE
camera_name: camera
image_width: 640
image_height: 480
distortion_parameters:
   k1: 0.02240760832121162
   k2: 0.001869945586024723
   p1: 0.0004851837078781547
   p2: -0.0008288391975225578
projection_parameters:
   fx: 396.1535503198008
   fy: 396.0123774860524
   cx: 317.61050790240677
   cy: 236.03463351524897