%YAML:1.0
---
model_type: PINHOLE
camera_name: camera
image_width: 640
image_height: 480
distortion_parameters:
   k1: 0.02000657
   k2: -0.009174
   p1: 0.00001288
   p2: -0.00040591
projection_parameters:
   fx: 337.20843505859375
   fy: 337.20843505859375
   cx: 320
   cy: 240